-4.22488 -0.971487 1.72536 0.873052 -1.37693 -0.842552 1.13647 -1.70956 -0.0475253 
-5.14401 -0.0772163 -1.6273 -1.33436 1.79749 0.661575 2.78848 -1.42397 -2.26901 
-2.50927 -3.56346 -2.71358 1.49308 -0.47802 -0.860389 1.65579 0.391676 -2.92681 
2.43552 2.333 -2.30339 2.81335 -0.844662 -0.254578 -2.8092 1.451 -1.25531 
-4.07866 -4.90419 -0.502002 0.719174 -0.489778 -1.50393 -3.1961 0.560735 -1.02902 
-0.962374 -3.88329 -1.85943 1.82012 1.77119 0.556278 -0.491081 -0.518222 -2.45185 
2.89934 5.19861 -2.39713 -0.305173 -0.0241537 0.661687 0.41519 0.244087 0.911906 
0.68019 -3.7934 -0.715585 -2.64686 -0.297544 -0.721224 -0.561927 -2.0818 3.15268 
-3.90215 1.63592 -2.75745 2.43655 -1.01325 -0.366083 -1.37478 0.291452 -1.8045 
-5.17567 4.48646 2.51694 1.80411 0.111674 -1.59214 -2.85761 1.51876 0.472081 

